1.000000	0.000000	0.000000
0.998091	0.000004	0.001906
0.996156	0.000015	0.003830
0.994195	0.000034	0.005772
0.992207	0.000060	0.007732
0.990193	0.000095	0.009712
0.988151	0.000139	0.011710
0.986081	0.000191	0.013728
0.983983	0.000253	0.015764
0.981856	0.000323	0.017821
0.979699	0.000404	0.019897
0.977513	0.000495	0.021992
0.975296	0.000596	0.024108
0.973048	0.000708	0.026244
0.970769	0.000831	0.028400
0.968458	0.000965	0.030577
0.966114	0.001112	0.032774
0.963737	0.001271	0.034993
0.961326	0.001442	0.037232
0.958881	0.001627	0.039492
0.956401	0.001825	0.041774
0.953885	0.002037	0.044078
0.951333	0.002263	0.046403
0.948745	0.002505	0.048750
0.946119	0.002762	0.051119
0.943455	0.003035	0.053510
0.940752	0.003324	0.055924
0.938009	0.003631	0.058360
0.935227	0.003955	0.060818
0.932404	0.004297	0.063299
0.929539	0.004658	0.065803
0.926632	0.005039	0.068329
0.923682	0.005439	0.070879
0.920689	0.005860	0.073451
0.917651	0.006302	0.076047
0.914568	0.006766	0.078666
0.911439	0.007253	0.081307
0.908264	0.007764	0.083973
0.905041	0.008298	0.086661
0.901769	0.008858	0.089373
0.898449	0.009443	0.092108
0.895079	0.010055	0.094866
0.891658	0.010694	0.097648
0.888186	0.011361	0.100453
0.884662	0.012058	0.103281
0.881084	0.012784	0.106132
0.877453	0.013542	0.109006
0.873766	0.014331	0.111903
0.870024	0.015154	0.114822
0.866226	0.016010	0.117764
0.862370	0.016902	0.120728
0.858456	0.017829	0.123715
0.854483	0.018794	0.126723
0.850450	0.019796	0.129753
0.846357	0.020839	0.132805
0.842201	0.021922	0.135877
0.837984	0.023047	0.138970
0.833703	0.024214	0.142083
0.829358	0.025426	0.145216
0.824948	0.026684	0.148368
0.820472	0.027989	0.151539
0.815929	0.029342	0.154729
0.811320	0.030745	0.157936
0.806642	0.032198	0.161160
0.801895	0.033705	0.164401
0.797078	0.035265	0.167657
0.792191	0.036880	0.170928
0.787233	0.038553	0.174213
0.782204	0.040284	0.177512
0.777101	0.042076	0.180823
0.771926	0.043928	0.184145
0.766677	0.045845	0.187478
0.761354	0.047826	0.190820
0.755957	0.049873	0.194170
0.750484	0.051989	0.197527
0.744935	0.054175	0.200890
0.739311	0.056432	0.204257
0.733610	0.058763	0.207627
0.727833	0.061168	0.210999
0.721979	0.063651	0.214370
0.716048	0.066212	0.217740
0.710040	0.068853	0.221107
0.703956	0.071576	0.224469
0.697794	0.074382	0.227824
0.691556	0.077274	0.231170
0.685241	0.080253	0.234506
0.678850	0.083321	0.237829
0.672383	0.086479	0.241138
0.665841	0.089730	0.244429
0.659224	0.093074	0.247702
0.652533	0.096513	0.250954
0.645769	0.100049	0.254182
0.638933	0.103683	0.257384
0.632026	0.107417	0.260557
0.625048	0.111252	0.263700
0.618002	0.115189	0.266809
0.610888	0.119230	0.269882
0.603709	0.123376	0.272916
0.596465	0.127627	0.275908
0.589159	0.131986	0.278856
0.581792	0.136452	0.281756
0.574366	0.141027	0.284607
0.566885	0.145711	0.287404
0.559349	0.150505	0.290146
0.551761	0.155410	0.292829
0.544125	0.160425	0.295451
0.536442	0.165551	0.298007
0.528716	0.170788	0.300497
0.520949	0.176136	0.302915
0.513144	0.181595	0.305261
0.505306	0.187164	0.307530
0.497436	0.192843	0.309721
0.489540	0.198631	0.311830
0.481619	0.204527	0.313854
0.473678	0.210531	0.315791
0.465721	0.216641	0.317638
0.457751	0.222855	0.319394
0.449773	0.229173	0.321054
0.441790	0.235592	0.322618
0.433806	0.242111	0.324082
0.425827	0.248728	0.325446
0.417855	0.255439	0.326706
0.409895	0.262244	0.327861
0.401952	0.269139	0.328909
0.394029	0.276122	0.329849
0.386132	0.283190	0.330679
0.378263	0.290339	0.331398
0.370429	0.297567	0.332005
0.362632	0.304870	0.332499
0.354877	0.312245	0.332879
0.347168	0.319688	0.333145
0.339509	0.327195	0.333295
0.331905	0.334764	0.333331
0.324359	0.342389	0.333252
0.316875	0.350067	0.333058
0.309458	0.357793	0.332749
0.302109	0.365565	0.332326
0.294834	0.373376	0.331789
0.287636	0.381224	0.331140
0.280517	0.389104	0.330379
0.273481	0.397012	0.329507
0.266531	0.404943	0.328527
0.259669	0.412893	0.327438
0.252899	0.420857	0.326243
0.246223	0.428833	0.324944
0.239643	0.436814	0.323542
0.233162	0.444798	0.322040
0.226781	0.452780	0.320440
0.220502	0.460755	0.318743
0.214326	0.468721	0.316953
0.208256	0.476672	0.315071
0.202293	0.484606	0.313101
0.196437	0.492518	0.311045
0.190690	0.500405	0.308905
0.185053	0.508263	0.306684
0.179525	0.516089	0.304386
0.174108	0.523880	0.302013
0.168802	0.531632	0.299567
0.163606	0.539342	0.297052
0.158522	0.547008	0.294470
0.153549	0.554626	0.291825
0.148686	0.562194	0.289120
0.143933	0.569710	0.286357
0.139290	0.577171	0.283539
0.134756	0.584575	0.280669
0.130331	0.591919	0.277750
0.126013	0.599202	0.274785
0.121801	0.606422	0.271777
0.117695	0.613577	0.268728
0.113693	0.620665	0.265642
0.109795	0.627686	0.262520
0.105998	0.634637	0.259365
0.102302	0.641517	0.256181
0.098705	0.648326	0.252969
0.095206	0.655063	0.249731
0.091803	0.661726	0.246471
0.088494	0.668315	0.243191
0.085279	0.674828	0.239893
0.082155	0.681267	0.236578
0.079121	0.687629	0.233250
0.076175	0.693915	0.229910
0.073315	0.700125	0.226560
0.070540	0.706257	0.223203
0.067848	0.712313	0.219839
0.065237	0.718292	0.216471
0.062706	0.724194	0.213100
0.060253	0.730019	0.209728
0.057876	0.735767	0.206357
0.055573	0.741439	0.202988
0.053343	0.747035	0.199622
0.051184	0.752555	0.196262
0.049094	0.757999	0.192907
0.047071	0.763369	0.189560
0.045115	0.768664	0.186221
0.043223	0.773885	0.182892
0.041393	0.779032	0.179574
0.039625	0.784107	0.176268
0.037916	0.789110	0.172974
0.036265	0.794041	0.169694
0.034671	0.798901	0.166428
0.033131	0.803692	0.163178
0.031645	0.808412	0.159943
0.030210	0.813065	0.156725
0.028826	0.817649	0.153525
0.027492	0.822166	0.150342
0.026205	0.826617	0.147178
0.024964	0.831002	0.144033
0.023769	0.835323	0.140908
0.022618	0.839580	0.137802
0.021509	0.843774	0.134717
0.020441	0.847906	0.131652
0.019414	0.851977	0.128609
0.018426	0.855987	0.125587
0.017475	0.859938	0.122587
0.016561	0.863830	0.119609
0.015683	0.867664	0.116653
0.014840	0.871441	0.113719
0.014030	0.875162	0.110808
0.013253	0.878827	0.107920
0.012507	0.882438	0.105055
0.011792	0.885996	0.102212
0.011106	0.889501	0.099393
0.010450	0.892953	0.096597
0.009821	0.896355	0.093824
0.009219	0.899706	0.091075
0.008644	0.903008	0.088348
0.008094	0.906261	0.085645
0.007569	0.909466	0.082966
0.007067	0.912624	0.080309
0.006589	0.915735	0.077676
0.006133	0.918801	0.075066
0.005699	0.921822	0.072479
0.005286	0.924799	0.069915
0.004893	0.927732	0.067375
0.004520	0.930623	0.064857
0.004166	0.933472	0.062362
0.003831	0.936280	0.059889
0.003513	0.939047	0.057439
0.003213	0.941775	0.055012
0.002930	0.944463	0.052607
0.002663	0.947113	0.050224
0.002412	0.949724	0.047863
0.002176	0.952299	0.045525
0.001955	0.954837	0.043208
0.001748	0.957339	0.040912
0.001555	0.959806	0.038638
0.001376	0.962238	0.036386
0.001209	0.964637	0.034154
0.001055	0.967001	0.031944
0.000913	0.969333	0.029754
0.000783	0.971632	0.027585
0.000664	0.973899	0.025437
0.000557	0.976135	0.023308
0.000459	0.978340	0.021200
0.000373	0.980515	0.019112
0.000296	0.982661	0.017044
0.000228	0.984777	0.014995
0.000170	0.986864	0.012965
0.000121	0.988924	0.010955
0.000081	0.990955	0.008964
0.000049	0.992959	0.006991
0.000026	0.994937	0.005038
0.000010	0.996888	0.003102
0.000001	0.998813	0.001186
